tracker	detector	nn	learner	sum
36	13	0	2	51
13	9	0	2	24
10	9	0	2	21
9	12	0	1	22
7	15	0	1	23
10	15	0	2	27
9	18	0	2	29
9	19	0	1	29
10	12	0	1	23
10	11	0	1	22
10	13	0	1	24
10	11	0	1	22
10	14	0	1	25
10	16	0	1	27
9	18	0	1	28
10	19	0	1	30
10	21	0	1	32
9	22	0	1	32
10	23	0	1	34
10	25	0	1	36
10	25	0	1	36
10	12	0	2	24
10	13	0	1	24
10	11	0	1	22
10	14	0	1	25
11	11	0	1	23
10	12	0	1	23
9	11	0	0	20
9	14	0	0	23
9	15	0	0	24
9	18	0	0	27
9	19	0	0	28
9	21	0	0	30
10	23	0	0	33
10	23	0	0	33
9	24	0	0	33
9	25	0	0	34
8	26	0	0	34
9	25	0	0	34
10	26	0	0	36
9	25	0	0	34
10	27	0	0	37
9	27	0	0	36
9	28	0	0	37
9	27	0	0	36
9	27	0	0	36
10	28	0	0	38
9	28	0	0	37
9	27	0	0	36
9	28	0	0	37
10	28	0	0	38
9	29	0	0	38
9	28	0	0	37
10	28	0	0	38
10	29	0	0	39
10	29	0	0	39
10	29	0	0	39
9	28	0	0	37
9	29	0	0	38
9	28	0	0	37
9	27	0	0	36
9	27	0	0	36
10	28	0	0	38
10	28	0	0	38
9	27	0	0	36
9	28	0	0	37
8	28	0	0	36
8	28	0	0	36
9	28	0	0	37
9	29	0	0	38
9	29	0	0	38
9	29	0	0	38
10	29	0	0	39
10	29	0	0	39
9	28	0	0	37
10	28	0	0	38
10	29	0	0	39
10	29	0	0	39
6	29	1	0	36
9	30	0	0	39
9	29	1	0	39
10	29	1	0	40
9	29	1	0	39
9	29	0	0	38
9	30	1	0	40
9	29	0	0	38
10	29	1	0	40
9	29	1	0	39
10	29	0	0	39
10	29	0	0	39
10	30	0	0	40
10	31	1	0	42
9	28	0	0	37
10	28	0	0	38
9	29	0	0	38
10	29	0	0	39
9	30	0	0	39
9	29	0	0	38
10	30	0	0	40
9	29	0	0	38
10	29	0	0	39
9	29	0	0	38
10	30	0	0	40
9	29	0	0	38
9	29	1	0	39
10	29	1	0	40
9	29	0	0	38
9	29	0	0	38
9	29	0	0	38
10	29	0	0	39
10	30	0	0	40
9	29	0	0	38
9	29	0	0	38
10	29	0	0	39
10	29	0	0	39
9	29	0	0	38
10	29	0	0	39
10	30	0	0	40
10	29	0	0	39
9	29	0	0	38
10	29	0	0	39
9	29	0	0	38
9	29	0	0	38
9	30	0	0	39
10	29	0	0	39
9	30	0	0	39
9	29	0	0	38
9	30	0	0	39
9	29	0	0	38
10	30	0	0	40
9	31	0	0	40
9	30	0	0	39
10	30	0	0	40
9	30	0	0	39
9	30	0	0	39
10	31	0	0	41
9	30	0	0	39
9	29	0	0	38
8	30	0	0	38
9	30	0	0	39
9	29	0	0	38
10	30	0	0	40
9	30	0	0	39
9	31	0	0	40
10	30	0	0	40
10	31	0	0	41
10	30	0	0	40
11	32	0	0	43
10	30	0	0	40
10	31	0	0	41
10	31	0	0	41
10	31	1	0	42
9	31	1	0	41
9	31	1	0	41
9	31	1	0	41
9	30	0	0	39
9	31	0	0	40
9	32	0	0	41
9	32	0	0	41
9	30	0	2	41
10	27	0	1	38
11	28	0	1	40
10	27	0	1	38
10	28	0	1	39
11	28	0	1	40
11	29	0	1	41
11	29	0	2	42
10	29	1	1	41
10	30	1	1	42
10	27	0	0	37
9	30	0	0	39
8	29	0	0	37
9	29	0	0	38
9	29	0	0	38
8	29	0	0	37
7	28	0	0	35
8	29	0	0	37
8	30	0	0	38
8	29	0	0	37
7	29	0	0	36
8	29	0	0	37
7	29	0	0	36
8	30	0	0	38
8	30	0	0	38
7	30	0	0	37
8	29	0	0	37
8	29	0	0	37
8	29	0	0	37
7	29	0	0	36
8	30	0	0	38
8	29	0	0	37
8	29	0	0	37
8	29	0	0	37
8	30	0	0	38
7	29	0	0	36
7	29	0	0	36
7	29	0	0	36
7	29	0	0	36
7	29	0	0	36
7	29	0	0	36
7	30	0	0	37
7	29	0	0	36
7	29	0	0	36
7	30	0	0	37
6	29	0	0	35
6	28	0	0	34
7	29	0	0	36
6	30	0	0	36
7	31	0	0	38
8	33	0	0	41
8	35	0	0	43
7	35	0	0	42
8	29	0	0	37
7	30	0	0	37
7	29	0	0	36
7	29	0	0	36
7	29	0	0	36
7	28	0	0	35
7	29	0	0	36
7	29	0	0	36
7	28	0	0	35
7	28	0	0	35
7	28	0	0	35
7	29	0	0	36
8	28	0	0	36
8	29	0	0	37
7	28	0	0	35
11	30	0	2	43
11	30	0	1	42
11	30	0	1	42
12	29	0	1	42
12	30	0	1	43
13	31	0	1	45
12	30	0	1	43
12	31	0	1	44
12	30	1	1	44
12	30	0	1	43
12	30	0	1	43
13	32	0	1	46
13	30	0	0	43
14	32	0	0	46
13	32	0	0	45
12	32	0	0	44
13	33	1	0	47
13	34	0	0	47
9	34	0	0	43
9	33	0	0	42
9	34	0	0	43
8	34	0	0	42
9	34	0	0	43
9	34	0	0	43
9	34	0	0	43
9	35	0	0	44
10	35	0	0	45
9	34	0	0	43
9	35	0	0	44
9	35	0	0	44
9	35	0	0	44
9	34	0	0	43
9	35	0	0	44
9	35	0	0	44
9	36	1	0	46
9	34	1	0	44
9	34	0	0	43
10	35	0	0	45
9	35	0	0	44
10	35	0	0	45
9	34	0	0	43
9	35	0	0	44
9	35	1	0	45
9	35	0	0	44
9	35	0	0	44
9	36	0	0	45
9	35	0	0	44
9	35	0	0	44
9	35	0	0	44
10	35	0	0	45
9	35	0	0	44
9	34	0	0	43
9	35	0	0	44
9	35	0	0	44
10	34	0	0	44
9	35	0	0	44
10	34	0	0	44
9	34	0	0	43
9	35	0	0	44
9	34	0	0	43
9	35	0	0	44
9	36	0	0	45
9	35	0	0	44
9	35	0	0	44
9	35	1	0	45
10	34	0	0	44
9	34	0	0	43
9	34	0	0	43
9	35	0	0	44
9	35	0	0	44
1	34	0	0	35
1	34	0	0	35
1	34	0	0	35
2	33	1	0	36
1	34	0	0	35
1	33	0	0	34
1	33	0	0	34
1	33	0	0	34
2	33	0	0	35
1	34	1	1	37
6	30	0	1	37
6	29	0	1	36
6	30	0	2	38
7	29	0	1	37
6	30	0	1	37
6	30	1	1	38
6	30	0	2	38
6	31	0	1	38
6	30	0	2	38
6	30	0	1	37
6	30	0	1	37
7	29	0	1	37
6	31	0	1	38
7	29	0	1	37
7	30	0	1	38
6	30	0	1	37
6	30	0	1	37
7	29	0	1	37
7	30	0	1	38
7	30	0	2	39
7	31	0	1	39
6	32	0	1	39
7	31	0	1	39
7	31	1	1	40
6	34	0	1	41
7	32	0	1	40
7	32	0	2	41
7	33	0	1	41
7	33	0	2	42
6	33	0	2	41
7	33	1	2	43
17	29	1	2	49
16	30	1	2	49
16	30	1	2	49
16	30	0	3	49
16	31	1	2	50
16	31	0	3	50
15	30	1	2	48
16	31	0	3	50
16	30	1	2	49
16	31	1	2	50
16	32	1	2	51
15	31	1	2	49
16	31	1	3	51
15	31	1	3	50
15	31	0	3	49
15	31	2	2	50
16	31	2	2	51
16	32	1	2	51
15	33	0	3	51
15	34	0	3	52
14	33	1	2	50
15	34	0	2	51
15	34	1	2	52
15	34	1	2	52
15	34	0	3	52
15	34	1	1	51
14	34	1	2	51
14	35	0	2	51
12	36	0	1	49
15	37	0	1	53
14	37	1	1	53
14	37	0	2	53
14	37	0	3	54
14	34	0	2	50
15	34	1	2	52
15	35	0	3	53
14	34	1	2	51
15	33	0	3	51
15	33	1	3	52
14	34	1	2	51
15	33	1	2	51
15	32	0	3	50
16	33	1	3	53
15	34	0	2	51
15	33	0	3	51
15	35	1	2	53
15	34	1	3	53
16	34	1	3	54
15	33	0	3	51
15	33	1	2	51
16	34	0	3	53
15	35	2	2	54
16	34	1	3	54
15	36	0	3	54
15	36	2	2	55
15	37	1	2	55
15	35	1	2	53
15	36	0	2	53
15	36	2	2	55
15	36	1	2	54
15	36	1	2	54
16	37	1	2	56
14	35	1	2	52
15	34	1	2	52
15	33	1	2	51
14	34	2	2	52
14	34	1	2	51
14	33	1	3	51